g <- 139
g
