g <- 139
g
m <- 333
mg <- g*m
mg
